195
957
907
1234
1833
1950
514
1505
658
587
900
193
687
1802
659
869
948
92
1324
1249
1297
1598
1184
786
25
313
302
688
227
832
1597
914
203
338
748
213
395
165
661
870
122
1862
449
1937
663
631
1047
547
1670
483
1263
961
497
640
1867
1150
134
1315
721
1362
418
1638
462
796
778
881
1412
709
319
1781
957
970
1362
892
811
1534
209
1312
575
1324
696
21
521
1912
391
969
1192
172
1126
685
1128
62
542
1170
963
150
569
1471
717
287
892
1691
573
657
1069
766
645
1014
1322
461
820
257
1596
266
963
1002
176
809
223
715
1644
1804
1597
712
118
672
1959
937
320
876
1918
1473
485
847
